255 255 255 255 255 255 255 255 255 255 255 255 255 255 255 255
255 235 183 183 183 186 239 183 183 239 186 183 183 183 235 255
255 183  56 120 120   8 199  49  49 199   8 120 120  56 183 255
255 183 120 145  88   8 199 104 104 199   8  88 145 120 183 255
255 183 120  88   0   8 246 231 104 199   8   0  88 120 183 255
255 186   8   8   8  16 253 147 109 240  16   8   8   8 186 255
255 255 255 218 246 253 168  33 151 211 253 199 218 255 255 255
255 255 206  52 128 150 114  90 151  56 147  87  88 255 255 255
255 255 156  86  53 111 189  64 144 138   3 185 101 212 243 255
255 255 236 231 219 239 239 142  64  55 194  36  93 239 251 255
255 186   8   8   8  16 255 252 206  39   8   0  88 124 186 255
255 183 120  88   0   8 246 144 131 210 254  67 141 135 255 255
255 183 120 145  88   8 218 120 182 111 250 229  58  89 230 255
255 183  56 120 120   8 225  71  78 228 255 120 125  64 183 255
255 235 183 183 183 186 239 183 214 251 255 183 208 217 235 255
255 255 255 255 255 255 255 255 255 255 255 255 255 255 255 255
255 255 255 255 255 255 255 255 255 255 255 255 255 255 255 255
255 235 183 183 183 186 239 183 183 239 186 183 183 183 235 255
255 183  56 120 120   8 199  49  49 199   8 120 120  56 183 255
255 183 120 145  88   8 199 104 104 199   8  88 145 120 183 255
255 183 120  88   0   8 246 231 104 199   8   0  88 120 183 255
255 186   8   8   8  16 253 147 109 240  16   8   8   8 186 255
255 255 255 218 246 253 168  33 151 211 253 199 218 255 255 255
255 255 206  52 128 150 114  90 151  56 147  87  88 255 255 255
255 255 156  86  53 111 189  64 144 138   3 185 101 212 243 255
255 255 236 231 219 239 239 142  64  55 194  36  93 239 251 255
255 186   8   8   8  16 255 252 206  39   8   0  88 124 186 255
255 183 120  88   0   8 246 144 131 210 254  67 141 135 255 255
255 183 120 145  88   8 218 120 182 111 250 229  58  89 230 255
255 183  56 120 120   8 225  71  78 228 255 120 125  64 183 255
255 235 183 183 183 186 239 183 214 251 255 183 208 217 235 255
255 255 255 255 255 255 255 255 255 255 255 255 255 255 255 255
255 255 255 255 255 255 255 255 255 255 255 255 255 255 255 255
255 235 183 183 183 186 239 183 183 239 186 183 183 183 235 255
255 183  56 120 120   8 199  49  49 199   8 120 120  56 183 255
255 183 120 145  88   8 199 104 104 199   8  88 145 120 183 255
255 183 120  88   0   8 246 231 104 199   8   0  88 120 183 255
255 186   8   8   8  16 253 147 109 240  16   8   8   8 186 255
255 255 255 218 246 253 168  33 151 211 253 199 218 255 255 255
255 255 206  52 128 150 114  90 151  56 147  87  88 255 255 255
255 255 156  86  53 111 189  64 144 138   3 185 101 212 243 255
255 255 236 231 219 239 239 142  64  55 194  36  93 239 251 255
255 186   8   8   8  16 255 252 206  39   8   0  88 124 186 255
255 183 120  88   0   8 246 144 131 210 254  67 141 135 255 255
255 183 120 145  88   8 218 120 182 111 250 229  58  89 230 255
255 183  56 120 120   8 225  71  78 228 255 120 125  64 183 255
255 235 183 183 183 186 239 183 214 251 255 183 208 217 235 255
255 255 255 255 255 255 255 255 255 255 255 255 255 255 255 255

255 255 255 255 255 255 255 255 255 255 255 255 255 255 255 255
255 235 183 183 183 186 255 255 243 251 186 255 230 183 235 255
255 183  56 120 120   8 255 255 212 239 124 135  89  64 217 255
255 183 120 145  88   8 218  88 101  93  88 141  58 125 208 255
255 183 120  88   0   8 199  87 185  36   0  67 229 120 183 255
255 186   8   8   8  16 253 147   3 194   8 254 250 255 255 255
255 239 199 199 199 240 211  56 138  55  39 210 111 228 251 255
255 183  49 104 104 109 151 151 144  64 206 131 182  78 214 255
255 183  49 104 231 147  33  90  64 142 252 144 120  71 183 255
255 239 199 199 246 253 168 114 189 239 255 246 218 225 239 255
255 186   8   8   8  16 253 150 111 239  16   8   8   8 186 255
255 183 120  88   0   8 246 128  53 219   8   0  88 120 183 255
255 183 120 145  88   8 218  52  86 231   8  88 145 120 183 255
255 183  56 120 120   8 255 206 156 236   8 120 120  56 183 255
255 235 183 183 183 186 255 255 255 255 186 183 183 183 235 255
255 255 255 255 255 255 255 255 255 255 255 255 255 255 255 255
255 255 255 255 255 255 255 255 255 255 255 255 255 255 255 255
255 235 183 183 183 186 255 255 243 251 186 255 230 183 235 255
255 183  56 120 120   8 255 255 212 239 124 135  89  64 217 255
255 183 120 145  88   8 218  88 101  93  88 141  58 125 208 255
255 183 120  88   0   8 199  87 185  36   0  67 229 120 183 255
255 186   8   8   8  16 253 147   3 194   8 254 250 255 255 255
255 239 199 199 199 240 211  56 138  55  39 210 111 228 251 255
255 183  49 104 104 109 151 151 144  64 206 131 182  78 214 255
255 183  49 104 231 147  33  90  64 142 252 144 120  71 183 255
255 239 199 199 246 253 168 114 189 239 255 246 218 225 239 255
255 186   8   8   8  16 253 150 111 239  16   8   8   8 186 255
255 183 120  88   0   8 246 128  53 219   8   0  88 120 183 255
255 183 120 145  88   8 218  52  86 231   8  88 145 120 183 255
255 183  56 120 120   8 255 206 156 236   8 120 120  56 183 255
255 235 183 183 183 186 255 255 255 255 186 183 183 183 235 255
255 255 255 255 255 255 255 255 255 255 255 255 255 255 255 255
255 255 255 255 255 255 255 255 255 255 255 255 255 255 255 255
255 235 183 183 183 186 255 255 243 251 186 255 230 183 235 255
255 183  56 120 120   8 255 255 212 239 124 135  89  64 217 255
255 183 120 145  88   8 218  88 101  93  88 141  58 125 208 255
255 183 120  88   0   8 199  87 185  36   0  67 229 120 183 255
255 186   8   8   8  16 253 147   3 194   8 254 250 255 255 255
255 239 199 199 199 240 211  56 138  55  39 210 111 228 251 255
255 183  49 104 104 109 151 151 144  64 206 131 182  78 214 255
255 183  49 104 231 147  33  90  64 142 252 144 120  71 183 255
255 239 199 199 246 253 168 114 189 239 255 246 218 225 239 255
255 186   8   8   8  16 253 150 111 239  16   8   8   8 186 255
255 183 120  88   0   8 246 128  53 219   8   0  88 120 183 255
255 183 120 145  88   8 218  52  86 231   8  88 145 120 183 255
255 183  56 120 120   8 255 206 156 236   8 120 120  56 183 255
255 235 183 183 183 186 255 255 255 255 186 183 183 183 235 255
255 255 255 255 255 255 255 255 255 255 255 255 255 255 255 255

255 254 254 254 254 254 254 254 254 254 254 254 254 254 254 255
254 236 223 218 210 254 239 203 186 230 187 194 194 191 236 254
254 189 102 163 188 220 209  85  55 181  61 126 121  99 199 254
254 213 101 124 230 202 148 164 106 205  70 103  85 110 201 254
254 227 108 137 127 185 160 113 144 234  70 116  99 114 201 254
254 200 124  95  55  15  51 163 194 229  52  99  98  77 197 254
254 238 212 131  45 120  76  80  79 151 208 225 195 223 253 255
254 235 182 117 171  59 126 130  60 154 101  93  83 156 244 255
254 238 194 111  93  89  73 115  66 133  87  99  84 142 233 254
254 237 211 222 172 183 175 113  16 149 190 222 205 192 238 254
254 187  60  68  68  51 212  98 100 193  40  68  68  55 193 254
254 194 126 103 116  95 190 116 158 200  70 122 106 116 201 254
254 194 122  85  99  95 179  95 116 210  70 106  88 111 201 254
254 191  99 110 114  74 180  62  55 181  56 116 111  91 197 254
254 235 198 201 201 196 230 192 191 230 193 201 201 197 237 254
255 254 254 254 254 254 254 254 254 254 254 254 254 254 254 254
255 254 254 254 254 254 254 254 254 254 254 254 254 254 254 255
254 236 223 218 210 254 239 203 186 230 187 194 194 191 236 254
254 189 102 163 188 220 209  85  55 181  61 126 121  99 199 254
254 213 101 124 230 202 148 164 106 205  70 103  85 110 201 254
254 227 108 137 127 185 160 113 144 234  70 116  99 114 201 254
254 200 124  95  55  15  51 163 194 229  52  99  98  77 197 254
254 238 212 131  45 120  76  80  79 151 208 225 195 223 253 255
254 235 182 117 171  59 126 130  60 154 101  93  83 156 244 255
254 238 194 111  93  89  73 115  66 133  87  99  84 142 233 254
254 237 211 222 172 183 175 113  16 149 190 222 205 192 238 254
254 187  60  68  68  51 212  98 100 193  40  68  68  55 193 254
254 194 126 103 116  95 190 116 158 200  70 122 106 116 201 254
254 194 122  85  99  95 179  95 116 210  70 106  88 111 201 254
254 191  99 110 114  74 180  62  55 181  56 116 111  91 197 254
254 235 198 201 201 196 230 192 191 230 193 201 201 197 237 254
255 254 254 254 254 254 254 254 254 254 254 254 254 254 254 254
255 254 254 254 254 254 254 254 254 254 254 254 254 254 254 255
254 236 223 218 210 254 239 203 186 230 187 194 194 191 236 254
254 189 102 163 188 220 209  85  55 181  61 126 121  99 199 254
254 213 101 124 230 202 148 164 106 205  70 103  85 110 201 254
254 227 108 137 127 185 160 113 144 234  70 116  99 114 201 254
254 200 124  95  55  15  51 163 194 229  52  99  98  77 197 254
254 238 212 131  45 120  76  80  79 151 208 225 195 223 253 255
254 235 182 117 171  59 126 130  60 154 101  93  83 156 244 255
254 238 194 111  93  89  73 115  66 133  87  99  84 142 233 254
254 237 211 222 172 183 175 113  16 149 190 222 205 192 238 254
254 187  60  68  68  51 212  98 100 193  40  68  68  55 193 254
254 194 126 103 116  95 190 116 158 200  70 122 106 116 201 254
254 194 122  85  99  95 179  95 116 210  70 106  88 111 201 254
254 191  99 110 114  74 180  62  55 181  56 116 111  91 197 254
254 235 198 201 201 196 230 192 191 230 193 201 201 197 237 254
255 254 254 254 254 254 254 254 254 254 254 254 254 254 254 254

255 255 254 254 254 254 255 255 255 255 254 254 254 254 255 255
255 236 194 196 196 190 253 243 232 237 189 196 196 192 234 255
254 197  99 114 117  73 225 152 141 189  61 119 113  96 192 254
254 200 118  86  94  94 199  84  83 203  73 105  82 113 196 254
254 200 124 109 117  95 230  98  96 220  73 126 105 119 196 254
254 195  66  75  75  53 209 107  87 187  50  74  75  62 189 254
255 231 177 200 233 231 152 149 136 142 191 198 206 176 226 255
254 193  54 105 139 196  76  58  63  18  93 160 122  59 186 254
255 209  90 162 121 167  84 136 123 119 104 114  91  62 186 254
255 242 213 150 159  47  71 125  69 170 214 196 185 187 230 255
255 255 223 204 187  11 126  57  90 181  51  91  91  71 189 254
255 215 184 229 132  57  44 167  99 169  72 117  94 117 196 254
255 223 162 124 132  97 135 123 113 220  73 109  86 114 196 254
255 225 103 100 113 119 214 182 195 210  65 124 118  99 193 254
255 240 196 216 230 204 240 236 241 239 195 200 200 197 236 255
255 255 254 255 255 254 255 255 255 255 254 254 254 254 255 255
255 255 254 254 254 254 255 255 255 255 254 254 254 254 255 255
255 236 194 196 196 190 253 243 232 237 189 196 196 192 234 255
254 197  99 114 117  73 225 152 141 189  61 119 113  96 192 254
254 200 118  86  94  94 199  84  83 203  73 105  82 113 196 254
254 200 124 109 117  95 230  98  96 220  73 126 105 119 196 254
254 195  66  75  75  53 209 107  87 187  50  74  75  62 189 254
255 231 177 200 233 231 152 149 136 142 191 198 206 176 226 255
254 193  54 105 139 196  76  58  63  18  93 160 122  59 186 254
255 209  90 162 121 167  84 136 123 119 104 114  91  62 186 254
255 242 213 150 159  47  71 125  69 170 214 196 185 187 230 255
255 255 223 204 187  11 126  57  90 181  51  91  91  71 189 254
255 215 184 229 132  57  44 167  99 169  72 117  94 117 196 254
255 223 162 124 132  97 135 123 113 220  73 109  86 114 196 254
255 225 103 100 113 119 214 182 195 210  65 124 118  99 193 254
255 240 196 216 230 204 240 236 241 239 195 200 200 197 236 255
255 255 254 255 255 254 255 255 255 255 254 254 254 254 255 255
255 255 254 254 254 254 255 255 255 255 254 254 254 254 255 255
255 236 194 196 196 190 253 243 232 237 189 196 196 192 234 255
254 197  99 114 117  73 225 152 141 189  61 119 113  96 192 254
254 200 118  86  94  94 199  84  83 203  73 105  82 113 196 254
254 200 124 109 117  95 230  98  96 220  73 126 105 119 196 254
254 195  66  75  75  53 209 107  87 187  50  74  75  62 189 254
255 231 177 200 233 231 152 149 136 142 191 198 206 176 226 255
254 193  54 105 139 196  76  58  63  18  93 160 122  59 186 254
255 209  90 162 121 167  84 136 123 119 104 114  91  62 186 254
255 242 213 150 159  47  71 125  69 170 214 196 185 187 230 255
255 255 223 204 187  11 126  57  90 181  51  91  91  71 189 254
255 215 184 229 132  57  44 167  99 169  72 117  94 117 196 254
255 223 162 124 132  97 135 123 113 220  73 109  86 114 196 254
255 225 103 100 113 119 214 182 195 210  65 124 118  99 193 254
255 240 196 216 230 204 240 236 241 239 195 200 200 197 236 255
255 255 254 255 255 254 255 255 255 255 254 254 254 254 255 255
