255 255 255 255 255 255 255 255 255 255 255 255 255 255 255 255
255 235 183 183 183 186 239 212 243 251 186 183 183 183 235 255
255 183  56 120 120   8 199 104 212 239   8 120 120  56 183 255
255 183 120 145  88   8 236 203 169 223   8  88 145 120 183 255
255 183 120  88   0   8 208  40 151 249   8   0  88 120 183 255
255 186   8   8   8  16 253 147 109 240  16   8   8   8 186 255
255 255 255 218 199 253 156  23 165 252 255 255 236 199 239 255
255 226 200 156  16 150 104 165 212 158 151 151  99   0 183 255
255 195  72 132 151 113 255 193 139  36 147 115 137  51 183 255
255 244 208 210 249 240 255 151 138  51 247 242 181  19 183 255
255 186   8   8   8  16 201 105 252  56   8  47 167 131 253 255
255 183 120  88   0   8 246 215 148 190  45 188 100 122 194 255
255 183 120 145  88   8 218  88 135 105 165  26 140 177 255 255
255 183  56 120 120   8 225 120  49 199 139 114  41 191 255 255
255 235 183 183 183 186 239 183 183 239 255 244 183 221 255 255
255 255 255 255 255 255 255 255 255 255 255 255 255 255 255 255
255 255 255 255 255 255 255 255 255 255 255 255 255 255 255 255
255 235 183 183 183 186 239 212 243 251 186 183 183 183 235 255
255 183  56 120 120   8 199 104 212 239   8 120 120  56 183 255
255 183 120 145  88   8 236 203 169 223   8  88 145 120 183 255
255 183 120  88   0   8 208  40 151 249   8   0  88 120 183 255
255 186   8   8   8  16 253 147 109 240  16   8   8   8 186 255
255 255 255 218 199 253 156  23 165 252 255 255 236 199 239 255
255 226 200 156  16 150 104 165 212 158 151 151  99   0 183 255
255 195  72 132 151 113 255 193 139  36 147 115 137  51 183 255
255 244 208 210 249 240 255 151 138  51 247 242 181  19 183 255
255 186   8   8   8  16 201 105 252  56   8  47 167 131 253 255
255 183 120  88   0   8 246 215 148 190  45 188 100 122 194 255
255 183 120 145  88   8 218  88 135 105 165  26 140 177 255 255
255 183  56 120 120   8 225 120  49 199 139 114  41 191 255 255
255 235 183 183 183 186 239 183 183 239 255 244 183 221 255 255
255 255 255 255 255 255 255 255 255 255 255 255 255 255 255 255
255 255 255 255 255 255 255 255 255 255 255 255 255 255 255 255
255 235 183 183 183 186 239 212 243 251 186 183 183 183 235 255
255 183  56 120 120   8 199 104 212 239   8 120 120  56 183 255
255 183 120 145  88   8 236 203 169 223   8  88 145 120 183 255
255 183 120  88   0   8 208  40 151 249   8   0  88 120 183 255
255 186   8   8   8  16 253 147 109 240  16   8   8   8 186 255
255 255 255 218 199 253 156  23 165 252 255 255 236 199 239 255
255 226 200 156  16 150 104 165 212 158 151 151  99   0 183 255
255 195  72 132 151 113 255 193 139  36 147 115 137  51 183 255
255 244 208 210 249 240 255 151 138  51 247 242 181  19 183 255
255 186   8   8   8  16 201 105 252  56   8  47 167 131 253 255
255 183 120  88   0   8 246 215 148 190  45 188 100 122 194 255
255 183 120 145  88   8 218  88 135 105 165  26 140 177 255 255
255 183  56 120 120   8 225 120  49 199 139 114  41 191 255 255
255 235 183 183 183 186 239 183 183 239 255 244 183 221 255 255
255 255 255 255 255 255 255 255 255 255 255 255 255 255 255 255

255 255 255 255 255 255 255 255 255 255 255 255 255 255 255 255
255 235 183 183 183 186 239 183 183 183 253 194 255 255 255 255
255 183  56 120 120   8 199   0  51  19 131 122 177 191 221 255
255 183 120 145  88   8 236  99 137 181 167 100 140  41 183 255
255 183 120  88   0   8 255 151 115 242  47 188  26 114 244 255
255 186   8   8   8  16 255 151 147 247   8  45 165 139 255 255
255 251 239 223 249 240 252 158  36  51  56 190 105 199 239 255
255 243 212 169 151 109 165 212 139 138 252 148 135  49 183 255
255 212 104 203  40 147  23 165 193 151 105 215  88 120 183 255
255 239 199 236 208 253 156 104 255 255 201 246 218 225 239 255
255 186   8   8   8  16 253 150 113 240  16   8   8   8 186 255
255 183 120  88   0   8 199  16 151 249   8   0  88 120 183 255
255 183 120 145  88   8 218 156 132 210   8  88 145 120 183 255
255 183  56 120 120   8 255 200  72 208   8 120 120  56 183 255
255 235 183 183 183 186 255 226 195 244 186 183 183 183 235 255
255 255 255 255 255 255 255 255 255 255 255 255 255 255 255 255
255 255 255 255 255 255 255 255 255 255 255 255 255 255 255 255
255 235 183 183 183 186 239 183 183 183 253 194 255 255 255 255
255 183  56 120 120   8 199   0  51  19 131 122 177 191 221 255
255 183 120 145  88   8 236  99 137 181 167 100 140  41 183 255
255 183 120  88   0   8 255 151 115 242  47 188  26 114 244 255
255 186   8   8   8  16 255 151 147 247   8  45 165 139 255 255
255 251 239 223 249 240 252 158  36  51  56 190 105 199 239 255
255 243 212 169 151 109 165 212 139 138 252 148 135  49 183 255
255 212 104 203  40 147  23 165 193 151 105 215  88 120 183 255
255 239 199 236 208 253 156 104 255 255 201 246 218 225 239 255
255 186   8   8   8  16 253 150 113 240  16   8   8   8 186 255
255 183 120  88   0   8 199  16 151 249   8   0  88 120 183 255
255 183 120 145  88   8 218 156 132 210   8  88 145 120 183 255
255 183  56 120 120   8 255 200  72 208   8 120 120  56 183 255
255 235 183 183 183 186 255 226 195 244 186 183 183 183 235 255
255 255 255 255 255 255 255 255 255 255 255 255 255 255 255 255
255 255 255 255 255 255 255 255 255 255 255 255 255 255 255 255
255 235 183 183 183 186 239 183 183 183 253 194 255 255 255 255
255 183  56 120 120   8 199   0  51  19 131 122 177 191 221 255
255 183 120 145  88   8 236  99 137 181 167 100 140  41 183 255
255 183 120  88   0   8 255 151 115 242  47 188  26 114 244 255
255 186   8   8   8  16 255 151 147 247   8  45 165 139 255 255
255 251 239 223 249 240 252 158  36  51  56 190 105 199 239 255
255 243 212 169 151 109 165 212 139 138 252 148 135  49 183 255
255 212 104 203  40 147  23 165 193 151 105 215  88 120 183 255
255 239 199 236 208 253 156 104 255 255 201 246 218 225 239 255
255 186   8   8   8  16 253 150 113 240  16   8   8   8 186 255
255 183 120  88   0   8 199  16 151 249   8   0  88 120 183 255
255 183 120 145  88   8 218 156 132 210   8  88 145 120 183 255
255 183  56 120 120   8 255 200  72 208   8 120 120  56 183 255
255 235 183 183 183 186 255 226 195 244 186 183 183 183 235 255
255 255 255 255 255 255 255 255 255 255 255 255 255 255 255 255

255 254 254 254 254 254 254 254 254 254 254 254 254 254 254 255
255 251 232 206 223 227 228 185 190 230 187 194 194 191 236 254
255 249 209  95 113 163 146  91 107 181  61 126 121  99 199 254
254 243 186 135  89 199 103 148  77 176  70 103  85 110 201 254
254 211 163 120 215 108 151 154 198 237  70 116  99 114 201 254
254 234 110 113 137  84  63 199 147 222  52 100  99  77 197 254
254 181  34 153 171 181  74 121 125 215 212 249 213 202 242 254
254 184  84 141 106 133  39 121 176 229 104 152 158 111 206 254
254 183  58  95  95 126 110 176 137 119  99  66 108 137 218 254
254 232 192 192 201 239 208 153  76 190 202 214 176 191 238 254
254 187  60  68  68  51 212 121 134 209  40  68  68  55 193 254
254 194 126 103 116  97 248 180 103 195  70 122 106 116 201 254
254 194 122  85  99  96 213 149 147 198  70 106  88 111 201 254
254 191  99 110 114  74 200 167 126 196  56 116 111  91 197 254
254 235 198 201 201 196 239 236 215 234 193 201 201 197 237 254
255 254 254 254 254 254 254 254 254 254 254 254 254 254 254 254
255 254 254 254 254 254 254 254 254 254 254 254 254 254 254 255
255 251 232 206 223 227 228 185 190 230 187 194 194 191 236 254
255 249 209  95 113 163 146  91 107 181  61 126 121  99 199 254
254 243 186 135  89 199 103 148  77 176  70 103  85 110 201 254
254 211 163 120 215 108 151 154 198 237  70 116  99 114 201 254
254 234 110 113 137  84  63 199 147 222  52 100  99  77 197 254
254 181  34 153 171 181  74 121 125 215 212 249 213 202 242 254
254 184  84 141 106 133  39 121 176 229 104 152 158 111 206 254
254 183  58  95  95 126 110 176 137 119  99  66 108 137 218 254
254 232 192 192 201 239 208 153  76 190 202 214 176 191 238 254
254 187  60  68  68  51 212 121 134 209  40  68  68  55 193 254
254 194 126 103 116  97 248 180 103 195  70 122 106 116 201 254
254 194 122  85  99  96 213 149 147 198  70 106  88 111 201 254
254 191  99 110 114  74 200 167 126 196  56 116 111  91 197 254
254 235 198 201 201 196 239 236 215 234 193 201 201 197 237 254
255 254 254 254 254 254 254 254 254 254 254 254 254 254 254 254
255 254 254 254 254 254 254 254 254 254 254 254 254 254 254 255
255 251 232 206 223 227 228 185 190 230 187 194 194 191 236 254
255 249 209  95 113 163 146  91 107 181  61 126 121  99 199 254
254 243 186 135  89 199 103 148  77 176  70 103  85 110 201 254
254 211 163 120 215 108 151 154 198 237  70 116  99 114 201 254
254 234 110 113 137  84  63 199 147 222  52 100  99  77 197 254
254 181  34 153 171 181  74 121 125 215 212 249 213 202 242 254
254 184  84 141 106 133  39 121 176 229 104 152 158 111 206 254
254 183  58  95  95 126 110 176 137 119  99  66 108 137 218 254
254 232 192 192 201 239 208 153  76 190 202 214 176 191 238 254
254 187  60  68  68  51 212 121 134 209  40  68  68  55 193 254
254 194 126 103 116  97 248 180 103 195  70 122 106 116 201 254
254 194 122  85  99  96 213 149 147 198  70 106  88 111 201 254
254 191  99 110 114  74 200 167 126 196  56 116 111  91 197 254
254 235 198 201 201 196 239 236 215 234 193 201 201 197 237 254
255 254 254 254 254 254 254 254 254 254 254 254 254 254 254 254

255 255 254 254 254 254 255 254 254 255 254 254 254 254 255 255
255 236 194 196 196 189 243 202 214 237 189 196 196 192 234 255
254 197  99 114 117  73 207 111 139 189  61 119 113  96 192 254
254 200 118  86  94  95 219 156 113 171  72 105  82 113 196 254
254 200 124 109 117  95 251 158  65 211  74 126 105 119 196 254
254 195  66  74  76  53 215 113  97 201  51  75  74  62 189 254
255 231 178 172 233 218 213 231 123 182 208 191 196 193 230 255
254 197 107  84 194 153 118 172 143  76 129 102 149 131 214 254
254 192  86 149 151 200 130 119 175 160 125 185 150 164 234 255
255 232 153 102 151  58  70  36 105 205 215 250 217 203 239 255
255 230 163 201 111  84 185 145 122 239  52  92  92  71 189 254
255 226 114  89 207 137 173 112  92 199  73 117  94 117 196 254
255 211 100 134 126 109 146 144  94 190  73 109  86 114 196 254
255 235 210 191 162 119  32  83  58 187  65 124 118  99 193 254
255 252 250 245 216 238 188 191 190 233 195 200 200 197 236 255
255 255 255 255 255 255 254 254 254 255 254 254 254 254 255 255
255 255 254 254 254 254 255 254 254 255 254 254 254 254 255 255
255 236 194 196 196 189 243 202 214 237 189 196 196 192 234 255
254 197  99 114 117  73 207 111 139 189  61 119 113  96 192 254
254 200 118  86  94  95 219 156 113 171  72 105  82 113 196 254
254 200 124 109 117  95 251 158  65 211  74 126 105 119 196 254
254 195  66  74  76  53 215 113  97 201  51  75  74  62 189 254
255 231 178 172 233 218 213 231 123 182 208 191 196 193 230 255
254 197 107  84 194 153 118 172 143  76 129 102 149 131 214 254
254 192  86 149 151 200 130 119 175 160 125 185 150 164 234 255
255 232 153 102 151  58  70  36 105 205 215 250 217 203 239 255
255 230 163 201 111  84 185 145 122 239  52  92  92  71 189 254
255 226 114  89 207 137 173 112  92 199  73 117  94 117 196 254
255 211 100 134 126 109 146 144  94 190  73 109  86 114 196 254
255 235 210 191 162 119  32  83  58 187  65 124 118  99 193 254
255 252 250 245 216 238 188 191 190 233 195 200 200 197 236 255
255 255 255 255 255 255 254 254 254 255 254 254 254 254 255 255
255 255 254 254 254 254 255 254 254 255 254 254 254 254 255 255
255 236 194 196 196 189 243 202 214 237 189 196 196 192 234 255
254 197  99 114 117  73 207 111 139 189  61 119 113  96 192 254
254 200 118  86  94  95 219 156 113 171  72 105  82 113 196 254
254 200 124 109 117  95 251 158  65 211  74 126 105 119 196 254
254 195  66  74  76  53 215 113  97 201  51  75  74  62 189 254
255 231 178 172 233 218 213 231 123 182 208 191 196 193 230 255
254 197 107  84 194 153 118 172 143  76 129 102 149 131 214 254
254 192  86 149 151 200 130 119 175 160 125 185 150 164 234 255
255 232 153 102 151  58  70  36 105 205 215 250 217 203 239 255
255 230 163 201 111  84 185 145 122 239  52  92  92  71 189 254
255 226 114  89 207 137 173 112  92 199  73 117  94 117 196 254
255 211 100 134 126 109 146 144  94 190  73 109  86 114 196 254
255 235 210 191 162 119  32  83  58 187  65 124 118  99 193 254
255 252 250 245 216 238 188 191 190 233 195 200 200 197 236 255
255 255 255 255 255 255 254 254 254 255 254 254 254 254 255 255
